anysoftkeyboard
[1, 0.64, 0.64, 0.71, 0.67, 0.64, 0.29]
[2, 0.64, 0.64, 0.69, 0.66, 0.64, 0.29]
[12, 0.64, 0.64, 0.68, 0.66, 0.64, 0.28]
[13, 0.64, 0.64, 0.67, 0.66, 0.64, 0.28]
[3, 0.64, 0.64, 0.67, 0.65, 0.64, 0.27]
[11, 0.63, 0.63, 0.66, 0.65, 0.63, 0.26]
[4, 0.64, 0.66, 0.62, 0.64, 0.64, 0.28]
[7, 0.63, 0.64, 0.64, 0.64, 0.63, 0.25]
[5, 0.63, 0.66, 0.6, 0.63, 0.64, 0.27]
[9, 0.64, 0.65, 0.61, 0.63, 0.64, 0.27]
[6, 0.62, 0.64, 0.61, 0.62, 0.62, 0.25]
[10, 0.64, 0.67, 0.56, 0.61, 0.64, 0.28]
[0, 0.62, 0.67, 0.53, 0.59, 0.63, 0.26]
[8, 0.62, 0.66, 0.54, 0.59, 0.62, 0.25]
=============================
facebook
[0, 0.8, 0.78, 0.85, 0.81, 0.8, 0.61]
[3, 0.79, 0.77, 0.82, 0.79, 0.79, 0.58]
[4, 0.78, 0.75, 0.84, 0.79, 0.78, 0.56]
[2, 0.77, 0.75, 0.8, 0.78, 0.77, 0.53]
[5, 0.78, 0.76, 0.81, 0.78, 0.78, 0.55]
[1, 0.77, 0.77, 0.77, 0.77, 0.77, 0.53]
[6, 0.77, 0.77, 0.77, 0.77, 0.77, 0.54]
[7, 0.57, 0.55, 0.87, 0.67, 0.57, 0.17]
=============================
kiwis
[2, 0.66, 0.64, 0.66, 0.65, 0.66, 0.31]
[1, 0.64, 0.62, 0.66, 0.64, 0.64, 0.28]
[3, 0.64, 0.62, 0.66, 0.64, 0.64, 0.28]
[6, 0.65, 0.63, 0.65, 0.64, 0.65, 0.29]
[7, 0.65, 0.64, 0.65, 0.64, 0.65, 0.3]
[5, 0.62, 0.6, 0.66, 0.63, 0.62, 0.25]
[0, 0.64, 0.64, 0.59, 0.62, 0.64, 0.29]
[4, 0.63, 0.62, 0.62, 0.62, 0.63, 0.27]
[8, 0.66, 0.67, 0.58, 0.62, 0.65, 0.31]
[9, 0.63, 0.63, 0.56, 0.59, 0.63, 0.25]
=============================
jm1
[6, 0.53, 0.52, 0.9, 0.66, 0.52, 0.06]
[3, 0.53, 0.53, 0.73, 0.62, 0.53, 0.06]
[4, 0.56, 0.56, 0.68, 0.61, 0.56, 0.12]
[0, 0.54, 0.56, 0.51, 0.53, 0.54, 0.09]
[2, 0.5, 0.51, 0.41, 0.46, 0.5, 0.01]
[5, 0.53, 0.57, 0.33, 0.42, 0.53, 0.07]
[1, 0.53, 0.6, 0.24, 0.34, 0.54, 0.09]
=============================
camel
[0, 0.8, 0.76, 0.86, 0.81, 0.8, 0.6]
[1, 0.74, 0.69, 0.9, 0.78, 0.74, 0.51]
=============================
os
[0, 0.6, 0.62, 0.51, 0.56, 0.6, 0.2]
[1, 0.55, 0.55, 0.57, 0.56, 0.55, 0.1]
=============================