dataset train_time testing_time accuracy, precision, recall, f1, roc_auc, mcc
anysoftkeyboard 7.929 240.132 0.487 0.25 0.001 0.002 0.499 -0.025 
kiwis 8.12 178.587 0.58 0.577 0.491 0.531 0.577 0.157 
facebook 6.407 101.709 0.545 0.525 1.0 0.688 0.542 0.211 
alfresco 7.687 46.589 0.537 0.532 0.435 0.479 0.534 0.07 
reddit 6.252 72.953 0.61 0.553 0.987 0.709 0.623 0.354 
camel 32.112 267.558 0.595 0.604 0.55 0.576 0.595 0.191 
os 24.619 201.028 0.465 0.455 0.347 0.393 0.465 -0.071 
jackrabbit 28.096 131.55 0.7 0.632 0.958 0.762 0.7 0.467 
bitcoin 26.229 103.774 0.595 0.62 0.49 0.547 0.595 0.194 
androidsync 7.347 40.391 0.527 0.505 1.0 0.671 0.543 0.208 
pageturner 6.309 31.073 0.532 0.508 0.978 0.668 0.547 0.184 
qt 25.165 98.467 0.578 0.625 0.392 0.482 0.578 0.169 
zxing 25.448 108.561 0.647 0.596 0.908 0.72 0.647 0.344 
jenkins 30.413 116.767 0.552 0.571 0.417 0.482 0.552 0.108 
litecoin 24.772 89.08 0.661 0.707 0.552 0.62 0.661 0.331 
mongo 33.84 101.759 0.658 0.698 0.557 0.62 0.658 0.323 
oozie 33.009 98.987 0.603 0.614 0.551 0.581 0.603 0.206 
tomcat 22.659 84.629 0.619 0.639 0.546 0.589 0.619 0.24 
lucene 31.566 98.97 0.62 0.688 0.44 0.537 0.62 0.257 
ambari 17.516 75.529 0.652 0.597 0.933 0.728 0.652 0.367 
accumulo 25.937 66.59 0.664 0.717 0.541 0.617 0.664 0.338 
